seed=0
sample_spacing_m=8e-06
wavelength_m=5.32e-07
propagation_distance_m=0.012
fx_min_1_per_m=-62500.0
fx_max_1_per_m=61523.4375
fy_min_1_per_m=-62500.0
fy_max_1_per_m=61523.4375
mean_psnr_gain=1.7863050319688452
mean_ssim_gain=0.11834602527872633
